# of indices,	 # of gens,	 # of pop,	 sample size,	 mutation chance,	 avgTime,	 netTime
2,	 100,	 5000,	 20,	 1, 2.650472,	 53.009434
2,	 100,	 5000,	 20,	 2, 2.848377,	 56.967540
2,	 100,	 5000,	 20,	 3, 2.487544,	 49.750883
2,	 100,	 5000,	 20,	 4, 2.490854,	 49.817082
2,	 100,	 5000,	 20,	 5, 2.414242,	 48.284848
2,	 100,	 5000,	 20,	 6, 2.351382,	 47.027645
2,	 100,	 5000,	 20,	 7, 1.866815,	 37.336299
2,	 100,	 5000,	 20,	 8, 2.276056,	 45.521121
2,	 100,	 5000,	 20,	 9, 2.132552,	 42.651042
2,	 100,	 5000,	 20,	 10, 1.950941,	 39.018828
2,	 100,	 5000,	 20,	 11, 1.789654,	 35.793089
2,	 100,	 5000,	 20,	 12, 2.037024,	 40.740470
2,	 100,	 5000,	 20,	 13, 1.551485,	 31.029708
2,	 100,	 5000,	 20,	 14, 2.181044,	 43.620885
2,	 100,	 5000,	 20,	 15, 2.219183,	 44.383670
2,	 100,	 5000,	 20,	 16, 1.984552,	 39.691047
2,	 100,	 5000,	 20,	 17, 1.845894,	 36.917886
2,	 100,	 5000,	 20,	 18, 1.716515,	 34.330297
2,	 100,	 5000,	 20,	 19, 1.584077,	 31.681543
2,	 100,	 5000,	 20,	 20, 1.894282,	 37.885636
2,	 100,	 5000,	 20,	 21, 1.863162,	 37.263247
2,	 100,	 5000,	 20,	 22, 2.014714,	 40.294274
2,	 100,	 5000,	 20,	 23, 2.001855,	 40.037102
2,	 100,	 5000,	 20,	 24, 1.868490,	 37.369792
2,	 100,	 5000,	 20,	 25, 1.675166,	 33.503313
2,	 100,	 5000,	 20,	 26, 1.275846,	 25.516917
2,	 100,	 5000,	 20,	 27, 1.616766,	 32.335329
2,	 100,	 5000,	 20,	 28, 1.840415,	 36.808296
2,	 100,	 5000,	 20,	 29, 1.503921,	 30.078411
2,	 100,	 5000,	 20,	 30, 1.420165,	 28.403308
2,	 100,	 5000,	 20,	 31, 2.146830,	 42.936600
2,	 100,	 5000,	 20,	 32, 1.998438,	 39.968755
2,	 100,	 5000,	 20,	 33, 1.447777,	 28.955538
2,	 100,	 5000,	 20,	 34, 1.477376,	 29.547521
2,	 100,	 5000,	 20,	 35, 1.644784,	 32.895682
2,	 100,	 5000,	 20,	 36, 1.282042,	 25.640835
2,	 100,	 5000,	 20,	 37, 1.860768,	 37.215367
2,	 100,	 5000,	 20,	 38, 1.086488,	 21.729770
2,	 100,	 5000,	 20,	 39, 1.418298,	 28.365956
2,	 100,	 5000,	 20,	 40, 1.352180,	 27.043594
2,	 100,	 5000,	 20,	 41, 0.977191,	 19.543817
2,	 100,	 5000,	 20,	 42, 0.994923,	 19.898467
2,	 100,	 5000,	 20,	 43, 0.945751,	 18.915012
2,	 100,	 5000,	 20,	 44, 1.284668,	 25.693358
2,	 100,	 5000,	 20,	 45, 0.892428,	 17.848562
2,	 100,	 5000,	 20,	 46, 0.969493,	 19.389854
2,	 100,	 5000,	 20,	 47, 0.802481,	 16.049628
2,	 100,	 5000,	 20,	 48, 0.891664,	 17.833278
2,	 100,	 5000,	 20,	 49, 0.904283,	 18.085652
2,	 100,	 5000,	 20,	 50, 0.797769,	 15.955375
2,	 100,	 5000,	 20,	 51, 0.942695,	 18.853896
2,	 100,	 5000,	 20,	 52, 0.672931,	 13.458618
2,	 100,	 5000,	 20,	 53, 0.673124,	 13.462474
2,	 100,	 5000,	 20,	 54, 0.805927,	 16.118534
2,	 100,	 5000,	 20,	 55, 0.728589,	 14.571788
2,	 100,	 5000,	 20,	 56, 1.079471,	 21.589419
2,	 100,	 5000,	 20,	 57, 0.657826,	 13.156514
2,	 100,	 5000,	 20,	 58, 0.763694,	 15.273877
2,	 100,	 5000,	 20,	 59, 0.918140,	 18.362807
2,	 100,	 5000,	 20,	 60, 0.826079,	 16.521586
2,	 100,	 5000,	 20,	 61, 0.608011,	 12.160212
2,	 100,	 5000,	 20,	 62, 0.892926,	 17.858527
2,	 100,	 5000,	 20,	 63, 0.936320,	 18.726409
2,	 100,	 5000,	 20,	 64, 0.649410,	 12.988206
2,	 100,	 5000,	 20,	 65, 0.837206,	 16.744111
2,	 100,	 5000,	 20,	 66, 0.834017,	 16.680332
2,	 100,	 5000,	 20,	 67, 0.623529,	 12.470571
2,	 100,	 5000,	 20,	 68, 0.841148,	 16.822952
2,	 100,	 5000,	 20,	 69, 0.558051,	 11.161014
2,	 100,	 5000,	 20,	 70, 0.898639,	 17.972770
2,	 100,	 5000,	 20,	 71, 0.640938,	 12.818763
2,	 100,	 5000,	 20,	 72, 0.796496,	 15.929930
2,	 100,	 5000,	 20,	 73, 0.440093,	 8.801865
2,	 100,	 5000,	 20,	 74, 0.644542,	 12.890847
2,	 100,	 5000,	 20,	 75, 0.719371,	 14.387411
2,	 100,	 5000,	 20,	 76, 0.841432,	 16.828641
2,	 100,	 5000,	 20,	 77, 0.748326,	 14.966515
2,	 100,	 5000,	 20,	 78, 0.602120,	 12.042392
2,	 100,	 5000,	 20,	 79, 0.587825,	 11.756504
2,	 100,	 5000,	 20,	 80, 0.739127,	 14.782548
2,	 100,	 5000,	 20,	 81, 0.446789,	 8.935771
2,	 100,	 5000,	 20,	 82, 0.470862,	 9.417234
2,	 100,	 5000,	 20,	 83, 0.685748,	 13.714958
2,	 100,	 5000,	 20,	 84, 0.535150,	 10.702998
2,	 100,	 5000,	 20,	 85, 0.542298,	 10.845958
2,	 100,	 5000,	 20,	 86, 0.658209,	 13.164185
2,	 100,	 5000,	 20,	 87, 0.593306,	 11.866117
2,	 100,	 5000,	 20,	 88, 0.548137,	 10.962750
2,	 100,	 5000,	 20,	 89, 0.683661,	 13.673214
2,	 100,	 5000,	 20,	 90, 0.739341,	 14.786816
2,	 100,	 5000,	 20,	 91, 0.541478,	 10.829557
2,	 100,	 5000,	 20,	 92, 0.818640,	 16.372807
2,	 100,	 5000,	 20,	 93, 0.622319,	 12.446380
2,	 100,	 5000,	 20,	 94, 0.750442,	 15.008839
2,	 100,	 5000,	 20,	 95, 0.524090,	 10.481807
2,	 100,	 5000,	 20,	 96, 0.663630,	 13.272593
2,	 100,	 5000,	 20,	 97, 0.710402,	 14.208037
2,	 100,	 5000,	 20,	 98, 0.701846,	 14.036928
2,	 100,	 5000,	 20,	 99, 0.811307,	 16.226136
